Using DBS instance at: http://cmsdbsprod.cern.ch/cms_dbs_prod_global/servlet/DBSServlet
-------------------------------------------------------
run	

196531
196509
196501
196497
196495
196453
196452
196438
196437
196433
196432
196431
196364
196363
196362
196359
196357
196353
196352
196351
196350
196349
196334
196252
196250
196249
196239
196218
196203
196202
196200
196199
196197
196135
196131
196122
196107
196099
196098
196097
196096
196090
196048
196047
196046
196027
196023
196019
195970
195963
195950
195948
195947
195937
195930
195929
195927
195926
195925
195923
195919
195918
195917
195916
195915
195913
195868
195841
195776
195775
195774
195758
195757
195749
195658
195656
195655
195649
195647
195645
195644
195634
195633
195552
195551
195540
195530
195529
195528
195527
195523
195522
195399
195398
195397
195396
195390
195387
195385
195379
195378
195304
195303
195266
195265
195251
195165
195164
195163
195147
195115
195114
195113
195112
195111
195110
195109
195099
195016
195015
195014
195013
194915
194914
194912
194897
194896
194825
194790
194789
194788
194778
194735
194712
194711
194704
194702
194699
194691
194644
194643
194631
194619
194533
194480
194479
194464
194455
194439
194429
194428
194424
194317
194315
194314
194305
194304
194303
194270
194225
194224
194223
194210
194199
194153
194151
194150
194120
194119
194117
194115
194108
194076
194075
194052
194051
194050
194027
193999
193998
193836
193835
193834
