Using DBS instance at: http://cmsdbsprod.cern.ch/cms_dbs_prod_global/servlet/DBSServlet
-------------------------------------------------------
run	

193621
193575
193557
193556
193541
193336
193334
193207
193193
193192
193124
193123
193116
193112
193093
191859
191858
191857
191856
191849
191845
191842
191839
191837
191834
191833
191830
191811
191810
191800
191726
191721
191720
191718
191701
191700
191697
191695
191694
191692
191691
191411
191391
191367
191277
191276
191271
191264
191248
191247
191226
191202
191201
191090
191062
191057
191056
191046
191043
190949
190945
190906
190895
190782
190738
190736
190735
190733
190710
190708
190707
190706
190705
190704
190703
190702
190688
190679
190678
190663
190662
190661
190659
190646
190645
190595
190593
190592
190591
190539
190538
190492
190491
190490
190482
190465
190462
190459
190456
