Using DBS instance at: http://cmsdbsprod.cern.ch/cms_dbs_prod_global/servlet/DBSServlet
-------------------------------------------------------
run	

203742
203739
203709
203002
202973
202972
202970
202504
202478
202477
202472
202469
202389
202333
202328
202314
202305
202299
202272
202237
202209
202208
202207
202205
202178
202116
202093
202088
202087
202084
202075
202074
202060
202054
202047
202045
202044
202016
202014
202013
202012
202000
201824
201819
201818
201817
201816
201815
201813
201812
201802
201794
201729
201727
201718
201708
201707
201706
201705
201692
201679
201678
201671
201669
201668
201658
201657
201625
201624
201613
201611
201602
201554
201535
201278
201229
201228
201202
201200
201199
201197
201196
201193
201191
201174
201173
201168
201164
201159
201115
201114
201097
201062
200992
200991
200990
200976
200961
200601
200600
200599
200532
200525
200519
200515
200491
200473
200466
200381
200369
200368
200245
200244
200243
200229
200228
200190
200188
200186
200180
200178
200177
200174
200161
200160
200152
200091
200075
200049
200042
200041
199973
199967
199961
199960
199877
199876
199875
199868
199867
199864
199862
199834
199833
199832
199812
199804
199754
199753
199752
199751
199745
199739
199703
199699
199698
199608
199574
199573
199572
199571
199570
199569
199568
199566
199565
199564
199563
199436
199435
199429
199428
199409
199356
199336
199319
199318
199021
199011
199008
198969
198955
198954
198941
198898
198523
198522
198487
198486
198485
198372
198346
198272
198271
198270
198269
198268
198249
198230
198229
198215
198214
198213
198212
198210
198208
198207
198202
198116
198063
198050
198049
198048
198045
198044
198041
198023
198022
