173692
173664
173663
173662
173661
173660
173659
173658
173657
173439
173438
173431
173430
173406
173389
173381
173380
173244
173243
173241
173240
173236
173198
172999
172998
172992
172952
172951
172949
172868
172865
172847
172824
172822
172819
172802
172801
172799
172798
172791
172778
172635
172630
172620
172619
172507
172497
172495
172488
172485
172478
172411
172401
172400
172399
172389
172286
172268
172255
172254
172252
172208
172163
172033
172024
172014
171926
171921
171897
171895
171890
171880
171879
171876
171875
171812
171578
171484
171446
171369
171315
171282
171274
171219
171178
171156
171117
171116
171106
171102
171098
171091
171050
170901
170899
170896
170876
170854
170842
170826
170759
170722
170527
170452
170406
170397
170382
170380
170378
170376
170354
170348
170307
170304
170303
170298
170292
170286
170255
170249
167913
167898
167830
167807
167786
167784
167754
167746
167740
167676
167675
167674
167673
167551
167284
167282
167281
167151
167103
167102
167098
167078
167043
167041
167039
166967
166966
166960
166950
166946
166923
166922
166921
166911
166895
166894
166893
166890
166889
166888
166864
166863
166862
166861
166860
166859
166842
166841
166839
166787
166784
166782
166781
166763
166701
166699
166565
166563
166554
166530
166514
166512
166502
166486
166462
166438
166429
166408
166394
166380
166379
166377
166374
166346
166164
166163
166161
166150
166149
166052
166051
166049
166034
166033
166011
166010
165993
165970
165633
165620
165619
165617
165570
165567
165558
165548
165542
165537
165529
165525
165523
165514
165506
165487
165486
165472
165467
165415
165402
165400
165364
165208
165205
165121
165120
165103
165102
165099
165098
165088
163869
163817
163796
163795
163765
163763
163761
163760
163759
163758
163757
163754
163753
163738
163668
163665
163664
163663
163662
163661
163660
163659
163658
163657
163655
163630
163596
163593
163592
163591
163589
163588
163587
163586
163585
163584
163583
163582
163483
163482
163481
163480
163479
163478
163476
163475
163402
163387
163385
163378
163376
163375
163374
163372
163371
163370
163369
163358
163340
163339
163338
163337
163334
163333
163332
163308
163302
163301
163300
163297
163296
163289
163286
163270
163269
163261
163255
163252
163238
163237
163235
163234
163233
163232
163078
163072
163071
163069
163046
162929
162926
162925
162924
162909
162828
162827
162826
162825
162822
162811
162810
162808
162803
162765
162762
162760
162742
162739
162733
162718
161312
161311
161310
161233
161224
161223
161222
161217
161216
161176
161165
161156
161119
161117
161116
161113
161107
161106
161103
161020
161016
161008
160998
160957
160956
160955
160943
160942
160940
160939
160938
160937
160936
160935
160916
160915
160914
160913
160911
160907
160898
160894
160890
160888
160877
160876
160875
160874
160873
160872
160871
160853
160835
160827
160819
160815
160808
160579
160578
160577
160499
160498
160497
160463
160462
160456
160455
160454
160450
160449
160447
160446
160445
160444
160443
160442
160433
160432
160431
160413
160410
160406
160405
160404
