180252
180250
180241
180093
180076
180072
179977
179959
179889
179563
179558
179547
179497
179476
179452
179434
179411
178985
178970
178920
178871
178866
178854
178840
178803
178786
178738
178731
178724
178712
178708
178703
178677
178675
178667
178479
178424
178421
178420
178380
178367
178365
178162
178160
178151
178116
178110
178102
178101
178100
178099
178098
178078
177878
177875
177791
177790
177789
177788
177786
177785
177783
177782
177776
177730
177719
177718
177515
177509
177507
177452
177449
177319
177318
177317
177313
177222
177201
177184
177183
177141
177140
177139
177138
177131
177096
177095
177088
177074
177053
176982
176959
176933
176929
176928
176889
176886
176885
176868
176860
176850
176848
176844
176842
176841
176807
176805
176801
176799
176797
176796
176795
176771
176765
176702
176701
176697
176548
176547
176545
176470
176469
176468
176467
176466
176465
176464
176463
176461
176309
176308
176304
176289
176286
176207
176206
176202
176201
176169
176167
176166
176165
176163
176161
176023
175990
175976
175975
175974
175973
175971
175921
175910
175906
175888
175887
175886
175881
175877
175875
175874
175873
175872
175866
175865
175863
175860
175858
175857
175837
175835
175834
175833
